#H2O
#Ion_Move:              verlet
Ion_Move:              nosehoover1
MD_Time_Step:          40
Ion_Max_Iter:          1100

Ion_Temperature:       295
#MD_Extrapolation_Type: xlbomd
MD_Extrapolation_Type: linear
#MD_Extrapolation_Type: aspc2
#MD_Extrapolation_Type: aspc3
MD_Extrapolation_Variable: wavefun
#kappa_XLBOMD:          2.0

MD_SCF_Outer_MaxIter:  999
MD_SCF_Phi_MaxIter:    999

Output_Position:       1
Output_Velocity:       1
Restart_Position:      1
Restart_Velocity:      1

Mixing_Variable:       potential
#Mixing_Type:           anderson
Mixing_Type:           kerker+anderson
#Mixing_StepLength:     0.5
#Mixing_MaxDim:         5
Mixing_StepLength:     0.8
Mixing_MaxDim:         10

Extra_States:          0

Temperature:           0
SCF_Outer_MaxIter:     999
SCF_Outer_Tolerance:   1e-4
SCF_Phi_MaxIter:       499
SCF_Phi_Tolerance:     1e-6

Eig_MaxIter: 	         3
Eig_Tolerance:         1e-20

PeriodTable:           HGHPBE_HLiCOFSiP.bin
Pseudo_Type:           HGH
VDW_Type:              DFT-D2
#XC_Type:               XC_LDA_XC_TETER93
#XC_Type:               XC_GGA_XC_PBE
XC_Type:               XC_HYB_GGA_XC_HSE06
#Hybrid_Mixing_Type:    nested
Hybrid_Mixing_Type:    pcdiis  
Hybrid_ACE:            1
#Hybrid_DF:             1
#Hybrid_DF_Num_Mu:      7.0
#Hybrid_DF_Num_GaussianRandom:      2.0
#Hybrid_DF_Tolerance:   1e-20

#PW_Solver:             PPCGScaLAPACK
PW_Solver:             PPCG

Ecut_Wavefunction:     35

begin Super_Cell
  23.517084   23.517084    23.517084
end Super_Cell

Atom_Types_Num:        2

Atom_Type:             1

begin Atom_Red
     0.625890017         0.973720014         0.806219995
     0.882080019         0.026029944         0.616400003
     0.005980000         0.585009992         0.924199998
     0.066930056         0.063240051         0.044130001
     0.479950011         0.709410012         0.695029974
     0.048499942         0.695339978         0.047639966
     0.975730002         0.316219985         0.402489990
     0.188650012         0.739000022         0.692550004
     0.229490042         0.230680004         0.655409992
     0.466560006         0.465950012         0.511479974
     0.422989994         0.664510012         0.488020003
     0.925140023         0.908569992         0.426869988
     0.331629992         0.003520000         0.193859994
     0.256129980         0.830649972         0.358960003
     0.736549973         0.104380012         0.251830012
     0.408899993         0.562780023         0.061999999
     0.800140023         0.177279994         0.686330020
     0.158089995         0.086519957         0.445380002
     0.612450004         0.269549996         0.060809970
     0.845160007         0.721870005         0.386629999
     0.466899991         0.928690016         0.335729986
     0.611890018         0.838850021         0.260170013
     0.274789989         0.248970002         0.319139987
     0.534379959         0.302080005         0.835829973
     0.946269989         0.562979996         0.321269989
     0.713479996         0.329200000         0.217739999
     0.145410001         0.254249990         0.045389999
     0.767639995         0.343210012         0.037689999
     0.313199997         0.036419988         0.939960003
     0.936649978         0.825250030         0.581709981
     0.617460012         0.585739970         0.297210008
     0.775049984         0.089669943         0.468950003
     0.611859977         0.523429990         0.631749988
     0.987060010         0.109480023         0.759540021
     0.397320002         0.364879996         0.038830042
     0.710829973         0.826259971         0.519870043
     0.675809979         0.338389993         0.453949988
     0.304690003         0.371479988         0.504859984
     0.592930019         0.186689973         0.435330003
     0.730749965         0.089709997         0.093340002
     0.329780012         0.358969986         0.808669984
     0.873929977         0.193130001         0.176750004
     0.631760001         0.875790000         0.000590000
     0.377499998         0.067290001         0.642080009
     0.831430018         0.502040029         0.032749999
     0.321859986         0.852060020         0.929610014
     0.900179982         0.770830035         0.921509981
     0.067469954         0.808149993         0.302980006
     0.464599997         0.603760004         0.879350007
     0.205520004         0.766520023         0.058789998
     0.134289980         0.300399989         0.416020036
     0.372940004         0.376899987         0.279709995
     0.015460000         0.633970022         0.485680014
     0.167019993         0.481079996         0.723370016
     0.062219977         0.485439986         0.250540018
     0.897840023         0.956849992         0.047760010
     0.007359982         0.439440012         0.973510027
     0.215200007         0.985119998         0.610419989
     0.634310007         0.721449971         0.146860003
     0.271880001         0.508319974         0.267659992
     0.441850007         0.120739996         0.326979995
     0.862529993         0.548919976         0.758729994
     0.022430001         0.427810013         0.686329961
     0.357239991         0.193829998         0.842350006
     0.641780019         0.942059994         0.693210006
     0.814849973         0.990549982         0.715380013
     0.090690002         0.681419969         0.897549987
     0.165879965         0.043159962         0.116070002
     0.432630002         0.814230025         0.748920023
     0.087620020         0.670690000         0.163789988
     0.857330024         0.339839995         0.433739990
     0.065320015         0.744149983         0.717719972
     0.122689962         0.179429993         0.687929988
     0.554430008         0.535000026         0.464740008
     0.392589986         0.770420015         0.547529995
     0.009640000         0.964900017         0.496969998
     0.287470013         0.913299978         0.118469998
     0.221469998         0.913360000         0.279760003
     0.687969983         0.990040004         0.245729998
     0.488370001         0.642899990         0.112819999
     0.719550014         0.262340009         0.725369990
     0.166189998         0.968150020         0.445080012
     0.511889994         0.203439996         0.066300035
     0.730030000         0.671030045         0.379590005
     0.465330005         0.807380021         0.385270000
     0.726960003         0.810859978         0.267910004
     0.173030004         0.210710004         0.258569986
     0.653890014         0.317299992         0.871429980
     0.887629986         0.452399999         0.313529968
     0.588310003         0.328969985         0.215159997
     0.214120001         0.350600004         0.006660000
     0.782230020         0.231120005         0.998210013
     0.226080000         0.108979940         0.975740016
     0.918269992         0.710810006         0.642089963
     0.652779996         0.471370012         0.319999993
     0.677380025         0.039250016         0.508620024
     0.611459970         0.454270005         0.730340004
     0.024790049         0.200489998         0.835650027
     0.350890011         0.437220007         0.945349991
     0.595290005         0.843450010         0.551270008
     0.730170012         0.307029992         0.559880018
     0.343939990         0.343980014         0.629760027
     0.501670003         0.239969969         0.488950014
     0.738849998         0.024279952         0.988709986
     0.342869997         0.483539999         0.799080014
     0.847280025         0.252590001         0.275550008
     0.713559985         0.856570005         0.907739997
     0.496509999         0.097980000         0.650439978
     0.839969993         0.507019997         0.149710000
     0.260360003         0.839380026         0.825010002
     0.841880023         0.719619989         0.828859985
     0.993260026         0.791909993         0.210069999
     0.490770012         0.566929996         0.769609988
     0.321110010         0.729920030         0.071110003
     0.123190001         0.309909999         0.536700010
     0.449400008         0.281179994         0.333339989
     0.058770001         0.514219999         0.475970000
     0.119589999         0.586640000         0.701889992
     0.130399942         0.439689994         0.153190017
     0.941259980         0.958930016         0.933510005
     0.958310008         0.424299985         0.862720013
     0.229920000         0.987519979         0.735360026
     0.689230025         0.617049992         0.092370033
     0.377970010         0.555649996         0.241950005
     0.523350000         0.052159999         0.263889998
     0.757550001         0.596040010         0.722159982
     0.926370025         0.347209990         0.702090025
     0.409529984         0.196500003         0.724770010
end Atom_Red

Atom_Type:             8

begin Atom_Red
     0.625490010         0.001110000         0.736240029
     0.875370026         0.031589985         0.688899994
     0.025650000         0.662500024         0.929159999
     0.127699971         0.096140027         0.077210002
     0.456539989         0.780870020         0.684230030
     0.092900001         0.723779976         0.107550025
     0.906059980         0.318219990         0.371619999
     0.137820005         0.733070016         0.751439989
     0.157080054         0.217140004         0.629740000
     0.504279971         0.530460000         0.520439982
     0.400460005         0.739440024         0.473100007
     0.934100032         0.936640024         0.499289989
     0.268720001         0.967830002         0.168779999
     0.195219994         0.873409986         0.343450010
     0.670679986         0.063249998         0.236619994
     0.411410004         0.618210018         0.114960000
     0.779410005         0.252440006         0.672500014
     0.132080004         0.027959943         0.488240004
     0.546519995         0.263449997         0.094969988
     0.770640016         0.738999963         0.387300014
     0.499119997         0.856620014         0.331730008
     0.670629978         0.834209979         0.218529999
     0.203309998         0.209720001         0.326079994
     0.603479981         0.329600006         0.810389996
     0.913320005         0.518790007         0.267860055
     0.648599982         0.360590011         0.247590005
     0.140169993         0.335590005         0.030640000
     0.749390006         0.295289993         0.982089996
     0.298599988         0.110890031         0.945039988
     0.967630029         0.754390001         0.599600017
     0.656170011         0.546090007         0.348410010
     0.700030029         0.099249959         0.466250002
     0.626250029         0.527010024         0.706950009
     0.051609993         0.136530042         0.798370004
     0.366070002         0.433899999         0.021839976
     0.664690018         0.875750005         0.560750008
     0.725769997         0.358909994         0.502579987
     0.363229990         0.347059995         0.549939990
     0.536080003         0.239019990         0.419640005
     0.779070020         0.076410055         0.031410001
     0.294030011         0.425619990         0.816659987
     0.815789998         0.197990000         0.225360006
     0.662869990         0.901300013         0.937229991
     0.425969988         0.125119999         0.621029973
     0.788119972         0.496760011         0.097010002
     0.314520001         0.883840024         0.856729984
     0.844500005         0.790499985         0.871389985
     0.993449986         0.791589975         0.285089999
     0.432440013         0.595990002         0.812910020
     0.278230011         0.792720020         0.054579999
     0.108960032         0.354699999         0.475329995
     0.388639987         0.299199998         0.284430027
     0.012650000         0.566049993         0.449129999
     0.129370004         0.515230000         0.668150008
     0.115139961         0.502889991         0.198570013
     0.961740017         0.965780020         0.005579948
     0.953809977         0.471720010         0.925499976
     0.264780015         0.976170003         0.669269979
     0.620800018         0.654999971         0.097159982
     0.341989994         0.517560005         0.295500010
     0.446700007         0.053810000         0.284330010
     0.832040012         0.618579984         0.738210022
     0.977819979         0.391119987         0.741439998
     0.391240001         0.243910000         0.787249982
end Atom_Red
